D00 = (log(2.1.^2) - log(2.^2))./0.1
D10 = (log(2.05.^2) - log(2.^2))./0.05
D20 = (log(2.025.^2) - log(2.^2))./0.025
D30 = (log(2.0125.^2) - log(2.^2))./0.0125


D01 = 2 * D10 - D00
D11 = 2 * D20 - D10
D21 = 2 * D30 - D20

D02 = (4.*D11 - D01) ./3
D12 = (4.*D21 - D11) ./3

D03 = (8.*D12 - D02)./7
E00 = 1 - D00
E10 = 1 - D10
E20 = 1 - D20
E30 = 1 - D30
E01 = 1 - D01
E11 = 1 - D11
E02 = 1 - D02
E12 = 1 - D12
E03 = 1 - D03